[INFO]
PATROLNUMBER=2
[PATROL0]
PATROLPOINTNUM=7
POSX0=214.135208
POSY0=434.826385
POSZ0=165.403870
POSX1=195.871719
POSY1=320.712097
POSZ1=157.506226
POSX2=186.530212
POSY2=267.218658
POSZ2=152.282974
POSX3=179.840271
POSY3=189.314987
POSZ3=144.044647
POSX4=169.488831
POSY4=148.487686
POSZ4=138.470657
POSX5=157.564926
POSY5=94.977585
POSZ5=131.683945
POSX6=147.580139
POSY6=120.279785
POSZ6=125.733795
[PATROL1]
PATROLPOINTNUM=9
POSX0=209.700668
POSY0=414.559082
POSZ0=173.920197
POSX1=198.782425
POSY1=333.751556
POSZ1=165.737091
POSX2=189.524612
POSY2=263.960419
POSZ2=160.444916
POSX3=182.995102
POSY3=270.240753
POSZ3=155.089645
POSX4=175.630432
POSY4=183.169540
POSZ4=146.550995
POSX5=166.171997
POSY5=152.389832
POSZ5=142.615295
POSX6=156.397232
POSY6=145.353317
POSZ6=137.810547
POSX7=149.650330
POSY7=83.054695
POSZ7=133.339890
POSX8=140.479889
POSY8=112.776169
POSZ8=128.543350
