[area_info]
area_count=3
[area0]
guid=0
script_id=300434
left=243.000000
top=167.000000
right=256.000000
bottom=180.000000
[area1]
guid=1
script_id=300522
left=20.000000
top=104.000000
right=28.000000
bottom=115.000000
[area2]
guid=2
script_id=888891
left=32.000000
top=110.000000
right=40.000000
bottom=115.000000